# List of daily reported cases
daily_cases = [
    1,1,1,1,1,1,2,2,2,3,3,4,4,4,5,6,7,9,9,10,
    13,14,16,17,20,24,25,31,33,38,43,54,56,60,75,76,93,94,110,134,
    155,170,189,211,223,261,297,360,390,391,488,526,577,686,777,857,867,983,1116,1263,
    1284,1420,1469,1580,1883,2070,2061,2307,2364,2363,2602,2867,2754,3068,2538,3106,3047,3025,3109,2797,
    3070,3146,3294,2954,2867,2862,3006,2854,2663,2726,2590,2614,2323,2281,2187,1985,2084,1992,1880,1773,
    1590,1595,1524,1414,1388,1354,1376,1202,1142,1062,911,950,901,952,791,764,708,628,664,613
]

# Calculate total cases
total_cases = sum(daily_cases)

print("Total reported cases:", total_cases)